1004149
1227349
658086
471854
234831
504472
1123242
649747
555793
1120966
679199
1033743
756499
632335
1235811
1236514
682795
471870
234267
1408813
1121289
904314
746697
682795
97139
1380600
926566
1230343
767817
641524
1511
1297742
641107
138119
641107
756272
665950
1384054
1403819
595460
1301100
1391647
1111134
1410668
700598
411901
273068
865937
1519464
509190
1123276
595460
397287
1348114
457421
28229
666685
471870
391603
1410638
1403819
745718
714943
1242864
682795
97139
1047013
913865
234267
632518
391603
926566
1340493
1294142
1274374
658086
700598
1280390
1235800
1234364
1117319
665950
243090
1433126
411460
272559
1538644
380358
997884
1415774
1223410
679200
313590
234267
1202532
1189612
1123242
1487923
1230342
756499
411470
1117314
1120951
926556
1235802
1200792
216432
1235799
592029
318161
411467
938288
906888
1105031
926566
682795
658088
491915
234267
1211814
378806
1189619
143224
411461
1536772
592026
297246
1416760
746697
344747
319236
1265503
545696
861299
1280666
1219375
760192
1396418
1358423
1111730
1500890
1122226
1396418
1243664
913865
641107
493475
1346330
925775
622312
397291
1280668
357276
468059
1089548
1232443
1226325
693746
1042376
665956
536227
1120746
1235793
314254
411470
97139
172045
1144307
362418
1410626
504472
483216
313606
97138
1250278
756499
411902
1235811
1163409
1121904
1122992
1403313
1235790
913865
551275
926566
1279009
313603
203122
1382359
1392488
743722
314254
288000
693746
1305737
1230342
1122971
679200
1040989
762982
358681
1469557
194867
1174504
1226325
1392488
1123242
1268240
981384
1117379
97139
762982
1280676
471854
761193
1292035
1267534
552398
1236504
1282361
1123508
530564
515620
1408473
1211114
226186
1198114
871968
1449049
558152
1317122
553174
913865
1214166
1120968
198094
697303
268407
272563
763034
555088
397290
33035
985255
999411
945713
431943
1235793
1229276
401053
1123059
1408813
935567
871963
485918
1202532
44251
1007103
886293
234267
941824
1123252
984892
742735
1205753
176090
552398
1235802
929713
1229276
1121859
391596
1077285
111105
471870
1321784
1123242
1169144
1041826
1120998
938278
1123242
926554
1506583
1134474
694427
1120951
632245
1121115
545696
1499689
1211813
517418
1280390
1008457
880073
411469
517722
457412
1396418
1506994
1291050
391008
1050201
1007096
655815
1410650
985255
1122225
1128398
1235797
180332
760192
1226325
279808
485918
1232453
627192
398512
1235798
97138
688270
1453498
411477
641526
561177
1121890
903814
1274374
234267
1274374
397291
226186
1410653
926562
246197
1499685
1123242
411154
693746
768704
411154
1121344
344747
880070
226186
297246
1121870
616991
1198114
1235797
1242864
745718
1492738
172045
1052684
87626
398512
313595
929556
1358423
1121286
1235457
292459
397287
340099
260799
189425
362418
926566
742726
1519439
682795
1235793
1333507
642492
37659
1112212
1151292
1226325
1296415
1506994
1122137
138119
411901
1249997
1174684
1552758
411479
316273
1123277
1410668
714943
1408254
1353276
709991
268407
314225
1235797
1211035
1169144
1123242
401053
1121346
926566
1122605
506534
388413
1347342
484018
1195236
445973
1268240
608506
555500
1121948
679935
1086011
745718
1345695
1121890
1158294
926556
1292034
861299
1280944
742733
1235800
694427
411471
1392490
1536773
742738
742766
448385
1270193
1267534
234267
1227276
886293
688246
1268072
1218103
216432
997884
397291
1121288
1122621
1382305
1122970
1211819
1122621
693746
1090319
720554
358681
278957
530564
1280671
1122927
997352
997346
1235800
506534
1392498
1121104
351627
1280941
87626
1158294
483219
768704
536227
1259795
1565129
1210884
1121912
397291
1202532
1123008
1111134
1121920
457570
938288
1202532
1178825
1121115
1123508
1036674
313606
411467
1002809
1121921
1235800
1121085
1123242
1121897
471854
1150600
1121904
240016
1280666
1123508
234267
1267533
1151292
1280664
1169144
863365
357809
525904
768704
260799
243090
1121957
1506583
236814
1484460
1444309
1123242
397291
875454
1229783
234267
768710
697303
865937
702450
264731
1203606
545696
1396418
1051006
431947
398579
1235802
1121098
1120998
592027
457421
1492738
1189612
500632
452662
1346791
981383
203275
1410632
379066
1121887
1121937
929713
1120966
1121423
1118057
397291
1499683
1267534
1122179
498761
1396141
1122176
1408423
1163671
1122931
641526
1284775
1151292
992406
1414720
743719
1280390
700598
1284686
504472
555500
1121481
1122179
397291
156578
1111134
696281
1378168
397290
1410633
279010
234267
393921
1056820
509635
1122176
314230
1380600
693746
629773
743722
1169144
397291
1280680
1235802
742726
323850
1235799
929703
1235803
1123242
225849
866536
906888
760192
1449076
768706
272624
243090
1267211
397291
1008457
411467
1233950
484018
1235797
1122991
204669
1313421
1196322
97138
1304284
642492
1210884
1007103
1095752
1122981
649349
1454007
1117314
863365
236814
246197
198467
1235802
682795
391603
1380384
880070
1123075
1268072
1122927
1267533
768710
1429851
1296415
1235802
411459
1280949
641526
657309
234267
1470591
639030
931276
457424
471875
204669
234267
1239415
1198114
1123236
1280663
1203606
1144275
237727
1396418
1408813
748727
1236518
742740
344747
1249975
1189619
588581
366602
1123240
913865
682795
768704
1317122
485917
1121007
525254
484018
1265845
1034769
313590
1408303
665959
1232447
1047013
1211819
1218108
1121904
595460
1242864
904294
1121013
537011
411461
1519439
383407
1499684
264731
929713
666685
234267
1202532
1296415
767817
485916
632335
1121285
1235788
1378168
1267535
742765
97138
471854
1397699
760192
317655
1235797
397290
929556
1347393
1304866
1189620
551275
1408813
246197
234267
204669
1410613
1268072
457421
97139
1123508
491205
748727
1123242
935837
761193
1313421
1379698
1410630
1120998
1220551
1538644
411468
1410626
1123508
661478
641526
555079
290402
1123277
518637
1129794
1347086
1192759
1235802
1236508
1230342
997353
562743
929703
445972
1121898
1121948
234267
768706
190650
929562
397291
335541
1042163
190650
1197477
1267535
360094
1340493
926551
397290
1335760
946077
240016
767817
649761
1158614
641107
522373
641526
1356852
697281
234267
1121875
756272
655815
926556
243090
1040989
234267
1230342
592026
1415774
575593
1392502
1256908
861299
552398
1296415
1151292
586413
871963
742817
1517416
471854
189426
1392489
1298593
1094715
1232452
1235802
1151292
1131812
1235802
340
1358423
1033743
1121124
1121285
1123009
313606
1301100
483219
1123242
531844
335541
1123267
679200
1105031
1151292
1121870
518766
216432
1232447
745310
1280948
344747
1120746
1492737
913865
1123037
240015
158500
1280950
888743
1347369
1128398
1449050
886293
768710
397290
411474
1220589
411462
517418
1235790
1280696
1009370
397291
234267
1121481
649747
688270
1094466
547042
1227349
1469557
344747
1234364
886379
401053
1123276
1203611
1396418
589873
553174
1249975
411467
1235797
1305737
1122981
886377
1408254
1321774
485918
97138
1443665
1550091
642492
1449063
509635
643867
314266
1408254
1484460
1002367
658655
1499683
1392491
632335
525373
1122915
1291050
324057
1304880
1198114
1198114
1123242
1207055
694427
1122919
1235800
931276
925409
1408310
867900
431943
1392498
1300143
518637
1410668
888808
767434
756272
742738
742741
693746
767817
1313421
1297742
1550091
742766
1123242
234267
1549858
1300143
645991
411490
1313421
1391646
679935
1151292
1211819
457396
1118235
763034
411490
1117647
756272
755731
448385
391603
309798
457412
883096
69395
421531
1449050
682795
397291
742767
411467
1408813
1121334
391008
1235793
86416
1048834
682795
679200
768704
999419
457421
344747
991
1121921
84531
358681
386415
1385515
411902
1502852
634994
1249975
1297617
411154
1123269
985054
794903
1034807
1198114
1235803
997346
1235802
1280949
983548
709991
84531
1121090
682795
398720
742738
1127673
698737
1122176
1265503
1123075
526218
397291
592029
645991
307480
1163409
234267
929713
1033743
1121100
234267
1122918
755732
1078085
1280694
66692
1410653
1144275
1380384
1122179
1122613
1396418
1123242
1235788
1128398
558152
156578
794903
530564
1545915
880070
1169143
1122179
682795
649349
585543
33035
1284708
1469557
639030
644107
1454007
1123073
445970
1123508
865937
1236976
886377
379066
307480
401053
344747
1536775
1280946
742740
1267533
483219
445973
384765
880526
33035
1123037
1034347
867900
1120965
1227352
1120998
1286632
860228
1410608
1384056
1121007
1226322
435590
639030
545696
1158294
720554
344747
796940
983544
1235800
69395
1270193
218284
1304866
215803
1538644
1131451
1270196
398720
1396141
1396418
138119
1506583
1123053
592010
485917
215803
742725
1121912
1121897
1501230
1380600
483219
1443125
1071073
936455
573061
1235790
537007
1089548
319236
1137281
1403819
518637
879243
1085623
1227349
1321778
1449050
1121887
1280666
929713
391603
1403819
1443665
1454007
742741
272563
1408322
1297742
1497679
1123075
768710
234267
999419
1121094
999611
768710
616991
1002809
283699
994573
391587
1392502
1267535
927658
1174684
344747
29581
316273
138119
1296415
485916
357809
290402
1294265
509190
397291
1410638
1235800
1453505
888743
879308
1183438
1410668
642492
290402
657309
391598
509191
685778
1506583
1035193
768704
379066
1395587
1120998
190486
243090
1239415
511051
1216007
927658
760192
1243664
292414
1123242
980584
1144305
888821
642492
485916
411901
313596
1121931
913865
865861
1340434
1347393
926566
1123008
1229276
234267
1122226
1122194
1239962
1235797
1200792
1392486
1268239
1089547
411902
1292035
1408306
714943
1123070
264731
397291
682795
357276
1297581
97139
706436
880070
875454
411477
332101
1280941
1121931
431943
1226325
1007103
714961
1121115
1235802
641524
251221
641524
1410613
637905
1280680
693979
1235835
869213
1469557
1297617
1278073
1296416
1120705
394221
1250006
1235800
1297617
862517
344747
582402
397288
190650
1196322
693979
1120953
1123035
358681
332101
742766
69395
397287
344747
931626
509191
457425
351627
1123059
1123037
1123058
1278073
431943
1396141
313598
864565
755732
657322
536227
518766
1121288
397291
1122194
1250006
378806
1151292
234267
1410638
886293
645991
889201
1408813
1131730
309807
1444309
661478
1259795
1158609
397291
693746
999547
1227349
743722
278963
1226325
1345695
1198114
1408424
760192
649747
1089547
1230342
1033734
1120998
860228
742733
1300345
391625
1128398
545696
1216976
1408254
388413
290402
195103
873533
768710
552398
552398
1535422
1408473
558169
525373
999419
743722
1123057
1298920
1237149
401053
1380408
138119
234267
1118054
983544
575615
228405
457570
545696
1203611
1267211
1484460
468059
1280390
1268240
509190
1408445
1338011
1536770
313590
394503
760192
592029
28115
1536775
362418
908338
469609
411469
913865
1226325
626522
401053
234267
1089548
1122621
1550073
1117319
1003200
641524
880074
1195236
1248916
641524
457412
743719
1129794
33035
478749
1526927
1294142
1121481
760117
1280680
1305737
585502
366649
1410653
1239962
742727
411154
1218103
1121929
1094508
431943
1123242
411467
646529
1403819
666685
435590
767817
761193
641526
1235803
203119
509635
1198452
1050201
457421
913865
1270196
1410613
1121104
1211819
696281
1163671
1236514
391600
658086
886377
411467
610130
1151292
1288963
240016
28229
1122179
397291
694427
509191
397287
1296416
1122927
376686
1408473
161528
1121904
454957
1443665
880071
693746
1123242
502025
1158601
1267533
1121104
445971
1346330
1235792
1449063
204669
1035197
83219
1123054
313603
1211819
999419
1235797
679190
521674
1121904
1077285
391593
1449050
546269
1123267
1121115
1235802
397288
1392501
1353276
1128398
1296416
1033737
1536769
1160721
190486
888816
1500281
1200557
1535422
929506
1469948
272563
1321778
861299
1537994
397287
1410653
1487923
1195236
421072
431943
391596
69395
1461580
641107
865937
1077285
314230
1280663
397288
632245
1121012
658086
641526
1280944
1121931
1250278
545243
1134413
1235792
552398
240302
1122971
1460634
999549
1168289
1121930
313603
397290
485918
1444309
509635
485918
1238184
1122194
1123242
1235835
1296416
1038866
1308866
871963
1168034
1150600
264731
504472
1123242
388739
1071073
234267
391587
679190
525373
926566
457424
700598
1121890
1280694
521460
491205
1449063
536233
1198114
379066
768706
246197
592029
553973
1321782
1122919
632292
682795
1037409
114615
203119
1396141
864565
521674
1089548
748727
679937
661478
1121129
1392493
1317122
756499
1189620
435591
658086
325777
1211819
523794
511051
632245
1296416
344747
370438
877414
397291
997884
1347393
1497679
1195236
1033743
1121897
457396
926566
1137281
1406840
1454007
1131730
1347369
1282360
1122179
391587
500632
880070
401053
642492
553174
661478
1122179
760192
1121090
1500893
883126
1300345
1121013
1120705
1280954
1340493
1347369
401053
1196323
439497
431943
459349
1123242
756272
1173022
234267
1034769
926566
1121920
1227352
864565
1449050
226186
401053
545693
865861
445970
1379698
702438
767031
1195236
467661
1123248
720554
1236517
1348908
1250005
234267
1433126
1550091
1123508
1280946
324057
234267
457424
1348583
1235802
1317122
1121287
1449050
411476
573061
1121930
69395
485916
1279009
1121011
717605
641524
641524
1117108
1410653
1237149
291985
908612
1392493
366649
1235792
622312
203275
1123313
1121085
1033743
1536770
316273
649638
931626
547042
313598
861299
525254
397287
1250006
189753
1117647
926551
1296415
226186
929556
658086
445335
1122973
886293
693746
661367
1231057
1278073
742733
1121324
1123277
1348908
1235793
1245469
1122993
1492737
935836
1151292
234267
867902
1096930
1410618
886293
13690
333138
1121865
1123242
764298
1121865
858215
1112216
1137281
1223410
1280
1346330
485917
1196031
1235792
1392489
1285586
1197477
171693
1132442
189425
1235792
1280679
1280
1122983
702438
1280676
1123075
1121012
1226325
984892
1267535
1033743
767031
696281
1536774
313628
1549858
1454007
595460
234267
388919
1117108
661478
1552123
1235793
1313421
1403819
1235800
1236497
693746
1085623
1282360
1227739
1235792
397291
1034943
1236504
1223410
1235802
655815
1227268
743719
1460640
397290
1301100
563031
1122917
1408254
1259795
397291
344747
1410638
160799
1401078
1408813
1229487
309798
189426
862517
385682
720554
645991
397290
1492738
1211819
234267
1235798
1235792
762903
1114964
1340493
926566
234267
767817
278963
556261
204669
926566
1123057
484770
682795
1090320
1267535
1163407
431943
1250005
428127
1123288
1444310
945713
1247963
521674
138119
246194
525257
1449342
1392490
1151292
1313421
215803
1120966
693979
1280664
1358423
1395513
658086
746697
682795
215803
344747
397291
169963
1233950
1144275
383381
485918
1449050
313595
1203550
1358423
575540
1469557
176280
1287488
925775
1239415
373903
251221
1121098
1358423
1081640
655815
1278073
1122225
1502850
931276
457424
1345023
685035
1196031
1042377
1408813
646529
485916
1235800
525378
190486
1121129
1479239
768710
386043
642492
697281
1120705
1151292
1246626
745718
1353276
331113
1123252
1123508
293826
397291
1118054
269798
246200
1207058
317013
1207058
1401078
886293
761193
376686
1124780
1280950
1288963
1216967
1499968
1235796
1449050
1185876
1236976
1121335
509191
1408306
913865
1121101
1449049
1191523
1248917
1121022
1469557
682795
1121931
1226325
357809
457421
1123377
720554
983548
1236514
1453505
234267
316273
1267535
760192
1280948
204669
350688
1449076
1235793
97139
1267533
521674
509190
883158
537007
866771
639030
391625
1229487
1469557
1123252
1408310
1230342
935837
1287476
1535422
866771
694427
1046627
46429
411459
1121007
1235802
1122605
1122225
1410653
984262
1348114
1123242
880073
1122134
1211819
1410653
1469557
1121481
1033734
1234364
1232447
1235793
1120998
107636
908612
1209989
240016
1408473
203119
537013
877415
1209989
314262
457412
742738
645991
1235800
1341181
1479238
1144275
1122621
1280953
366602
1123508
1500894
493475
383381
748727
1298598
198094
1120951
266762
1453505
715451
1185876
1250006
1007103
1349767
1434325
768710
1235792
391593
1209072
589873
1086011
562743
1321778
498211
1502852
234267
1094466
1307437
1415774
935567
1210884
1348583
886882
1408437
1536772
391625
1286632
272562
649349
1123008
1189612
1278073
1292034
1256908
471854
313594
1416760
1379701
1196322
925409
926566
509635
1347342
388413
682795
926559
398720
509190
382464
1443665
324057
929704
768706
1349785
552398
1122605
1340493
1392486
332101
344747
746697
1392490
1410650
1536774
272559
1234364
243090
1239415
1033743
913865
138119
1123242
1256908
377629
722419
913865
1095770
768710
1121920
1410666
29581
1189619
431947
555088
1449049
580327
1347342
938709
1345695
983548
1163407
1123278
1200792
1123278
682795
1077285
376686
1236976
1536772
983548
1385513
1120965
632245
1265503
1121012
926566
1235802
641107
1121865
913865
1285586
926566
1123242
1305836
138119
1292035
1151292
176279
497964
1294142
397287
1158294
1120998
997353
1280682
1236508
362418
1469948
1230342
1122605
1118235
397288
485916
521460
1280668
1122226
468059
1450525
679189
485918
203122
391603
401053
485918
1007104
658086
1341155
667015
1118235
545696
1460640
1270196
1236514
1235798
1235802
1227739
1198114
1112214
358681
545696
1121957
411490
1379270
999550
1123242
1107311
1094715
1121015
926566
29581
278963
1236518
1185876
1033744
1353276
1280673
1226325
1117315
861299
742727
366602
1122179
1227352
1280671
1123276
1120968
926566
768706
1123037
401053
717605
525257
1198452
1033737
722419
1090318
1121904
411467
234267
1157708
926551
926549
1230342
768710
742738
985255
1042377
1336233
1227739
1209989
1384054
1462527
693746
1226322
1122179
1117379
645991
1123309
397288
632518
756499
1195236
69395
1536769
1185876
189426
1121289
457412
1121904
313590
1087481
378806
1280952
1536775
278963
391619
926566
1046627
1492737
984262
1449338
293826
1469948
762968
1123278
326297
1353276
319003
877424
1250278
411462
97139
138119
661478
35841
471854
1235796
762968
768704
344747
1004149
315749
929506
1280698
1444712
641107
1007096
1392491
1408304
1121098
929506
1242864
1117319
926559
411901
1123037
1301100
1077285
313628
552398
1321778
240016
1501230
1123234
1487923
526224
1122985
1484479
1519464
661478
377629
478749
679200
97139
1239962
180332
886293
335541
931276
906888
1123053
29581
877415
234267
391595
1219049
398512
240015
467705
113395
1117379
1234364
1200792
1235793
1298865
1089547
679200
1280952
1280698
1047013
1121289
1405
693746
1158607
1443665
1267533
743719
1410653
1123073
502025
1502850
1198452
1166018
1121931
1163409
1415775
203119
908937
397287
411477
1297742
1122179
234267
994573
180332
877414
756499
1174684
1297742
756499
1536770
411467
1429851
1123234
756499
997352
1227352
1122931
1378168
398580
1120998
290402
742738
332101
1462526
756272
536232
1122917
1144313
1094508
392500
867900
696281
1347342
641107
498761
411477
1278073
563031
411477
1391647
1519439
632335
376686
1500890
509635
1232666
646529
1433126
313596
693746
1226325
1403819
682795
1296416
1121094
138119
1235802
1121101
1123248
1033743
234267
375451
871968
1267534
929703
1280953
1265845
742727
700598
1226325
1120971
1321778
1117319
1501230
1120968
203119
391596
1048983
439496
883126
1392488
1121013
1502852
1121121
1270193
1248760
1356854
332101
1203611
1122931
1297617
1121101
317013
397290
242619
1267534
1536775
1007103
1536773
394221
926562
391603
644076
563031
391587
509635
1235792
309807
203119
1469557
1120968
762903
665956
1089550
1195236
1168034
216432
1008457
1235800
1002340
485916
574376
1286632
1123242
1469557
318167
332101
1235803
1151292
290402
1117314
682795
1235802
1235797
234267
1267535
595460
1265503
1250006
886293
794903
1122137
1454007
580327
1487921
1123242
742738
553171
138119
1123035
1317122
1392486
391008
1219375
925409
450851
655815
886293
616991
717606
1121098
886293
763034
1120951
1517416
1449076
1449050
632292
1537715
1121022
1131730
1227349
1158294
906888
344747
226186
397291
748727
1265503
1150600
661478
1499968
880070
1358423
435591
1094184
665959
1235797
931276
1235792
1408813
715226
344747
1038860
683837
1178825
1211819
1144275
991
190650
1122173
1122604
1122179
1280947
478749
1345695
1410622
234267
1550091
693746
702113
760192
1131462
864073
397291
1209989
592029
397291
1305836
1408310
391587
1144313
762982
1122605
376686
925409
1329516
1331060
536232
586413
1121949
1280671
509635
867900
1124780
1313421
1198452
1038867
698737
1235799
622312
1285586
1484460
397288
470145
1004785
313606
1304284
555088
1191523
682795
1235802
768706
402612
1121011
1280664
552398
1123242
234267
1122990
1210884
1502850
743719
1151292
547042
1235790
1122983
397291
1189612
382464
1270193
1410653
1522072
926566
1151292
886293
1121104
234267
1203606
243090
720554
478749
1500281
272559
445961
523791
1235793
1250005
717605
1123242
619693
1267534
1121121
246199
1307437
1121287
483219
742733
180332
411490
397290
1268072
411476
1550091
575540
545696
1235799
585394
641524
1347087
886293
1198114
1338011
484018
1121481
366649
1484460
1198114
272563
1121007
97138
633131
411479
1123508
983544
1038862
762903
454957
760117
1166018
1046627
1131462
1123008
762968
913865
488538
768704
1536774
1121904
176279
886293
1384056
585543
1121896
1267533
493475
1282664
1249997
1121859
748727
743721
1027292
1449338
1047013
1230342
1123242
1086011
1403819
938709
866536
1121423
1313421
1044
1158614
1131730
745718
658086
1392491
880073
742738
1317122
293826
1122605
1122621
1280681
641524
344747
1282362
649747
445335
742817
1216967
457412
1235813
1378168
1552758
1121930
1123508
877415
234267
886293
1230342
1396141
558152
1423144
1250005
1077285
1392489
665956
762968
1250232
1511
391587
1313421
1121904
1122179
1287488
1122613
1454007
386415
682795
1121098
864565
927704
1089548
1237149
1196028
189426
525373
1450525
234267
522373
509191
1410632
278963
1192034
608506
1137281
1443125
929562
1536774
324057
344747
1121912
234267
509191
1229487
1123073
742765
1111730
1235802
1056820
756272
714943
388413
693746
1280681
575540
1134474
585394
1408321
