1484157
631362
1532557
1105367
1429851
335659
314264
237727
13689
232346
1408224
658187
1096930
1569209
1500257
935548
1247024
470
1336235
215803
1163408
1144307
452662
1117943
652103
1484157
1545915
768671
28258
666684
158500
1001530
676032
1547445
685035
411684
1114964
1245469
269482
1286170
1174684
1517681
384765
685035
1502851
1090320
1380358
316273
1112214
376619
1044
1038858
438753
1500894
1212548
383381
1522072
1248760
323097
246197
1144319
316055
1116472
1280001
383407
1205753
335283
741091
1545915
1125973
366602
29581
1388763
1449049
1230476
614083
706191
1449076
177416
347834
378806
857571
1207076
1054213
1331060
366394
1207055
990285
573
1079460
1144312
698761
627192
999141
107635
1090319
492774
498211
1179778
1331060
743721
325777
1382230
745310
1282361
1126627
1041138
1217703
1547445
1500306
674977
999141
384765
114615
340
1280001
1472418
379731
981384
1484157
1379701
1550073
397945
676032
1129374
237727
504832
317655
743721
1346791
426355
375286
339670
762966
1112214
1336245
69395
744980
573
1112209
1218352
765913
517722
935840
1379701
637910
1267600
366394
1190606
522373
1054213
999541
1268622
1217720
1470591
492774
743974
1192759
1286093
573
491916
556269
1198452
1346791
93220
553385
1207076
1225184
644801
876044
743721
1230343
1035191
178901
1500259
1217658
1208323
1380394
1449065
215803
661367
1380387
1415754
1504981
891974
891974
399795
543728
1522072
593105
1120705
376619
1112216
517722
757424
765910
1035839
1500893
1054213
1207055
95619
1500890
1118235
292
863365
1336235
1218352
1500897
383381
640510
575564
1195246
1297865
1248232
378806
391600
292
1278307
1219035
1042326
1484158
1114964
693986
1247726
1041138
1192124
1007104
317655
383381
675817
573569
1219049
713586
675814
1346791
1207055
1549858
1304877
1038866
443152
1379701
1335760
685035
13689
754436
1041147
1118235
13690
1248760
56780
1380394
588932
1380391
555793
1229204
323098
1410620
291985
566466
658187
1479235
1500304
394
113395
305900
1217708
1114964
13690
1282876
272568
1510531
1219035
1470591
216591
1211114
161528
1131451
291985
1131813
1038858
223926
1231190
216596
1234364
631362
1248760
1094184
46429
1038867
573
1101192
1219049
1174684
1335760
232346
1304878
1550073
1510531
941449
1096546
472175
1442599
339670
1114964
1144307
1219077
1054213
1192759
1090318
440512
1500301
1282360
1212548
269482
535289
365046
314225
713586
1240350
1336243
1041142
1114964
1038862
748247
1432050
452662
517722
477228
983917
626418
1090320
1144305
627192
1282876
1038860
1479239
1545915
511
1472716
571
1500897
932677
1088721
272942
864073
246195
1033802
398525
1522072
1502850
1041142
1479239
69395
13690
573
378806
1057002
161528
380358
1248917
1379701
556268
1550073
1537715
1041146
177416
1116375
864069
637911
1305735
1479239
1449351
1248916
1038859
314345
629773
84531
1205683
450851
765912
1354722
911045
1112214
392499
13689
1211114
232721
1114922
1449049
930169
272560
1332071
1219045
626887
936455
314292
349521
1211777
1410619
1235457
595537
1410619
1401065
351348
269482
1332071
311403
1192124
1304275
398767
936136
1040989
685035
1335760
1415754
291112
1219375
1346791
1175306
1535287
314266
379731
1537715
232346
1246459
596151
365046
1502850
1192124
1424334
1090318
1005048
501479
288000
46429
189753
470
794846
1479237
177439
314266
593105
358220
391937
216591
1112214
391165
158500
1118153
359
629773
266264
1281779
90371
1502851
1007105
1094715
629773
1044
1044
172088
631454
1144319
1265503
426117
13690
585
1026882
1101191
1298867
314345
318996
1174684
1033991
1415755
1301098
1144342
644801
1549858
517722
981223
257310
1166130
573569
1112216
178901
1163389
1040982
1297865
266779
935557
452662
395492
395965
397945
1187851
1144342
572265
204773
1263831
1003200
1254432
796620
176299
573
266834
1524467
1331060
460265
1331060
936136
935567
365046
935840
314266
237727
398578
1218086
556269
1282362
1157708
911045
314231
1030157
864051
1500301
1037409
66269
1232437
1192759
314266
1129374
243924
744979
224911
397945
1397284
366602
316056
556268
454957
1207055
1192759
1211114
258594
640512
1470591
1248917
314345
861208
1163409
266834
1248232
393305
1472716
1038867
1040989
342113
35703
1449076
626887
1144307
1144310
314225
1156935
1007104
314225
46429
1535422
1449351
688245
1191299
911045
391008
941449
1082932
1248917
42565
573065
511
1132836
450851
944435
319003
1090319
1305735
702113
1410620
1118153
1112216
1484158
1041139
406818
1132836
1318628
864073
506534
1205680
1449076
717785
1232437
443152
366394
637911
1163407
1522072
1219045
316275
1569209
1120705
391613
658187
443598
1144307
1217648
1219045
1131814
371042
