1297570
402777
1163671
283942
1380367
402626
83406
610130
1439940
1230343
1469948
573370
518637
558884
1528098
1403313
1209072
929562
1408442
1121015
575588
904314
1381123
1192034
172088
1537915
1304866
1230342
1121904
1304885
931276
398578
1082933
742159
163908
471852
665950
32042
1268635
1158601
1280941
63737
1280948
765698
1265503
1220551
1123400
411468
1121904
176279
1235457
411461
316058
1157708
397288
32049
470
272560
1319815
1265503
202954
290317
1280698
1040982
382464
1217658
1217715
398579
1217656
1120963
665950
411460
457421
1158614
887062
1235798
1123252
1122947
1101190
1144888
1407650
670292
1396418
1237500
586413
1121115
1304878
1200792
929562
1235799
1429916
331869
1232452
1196835
926559
658088
1134413
760192
1235793
1120925
686578
1232452
1208583
1173021
466088
218284
1040989
290315
1449065
1408445
700598
411468
240292
1238184
307480
765911
1280947
1151292
1280944
631362
1117379
1037409
991
297246
1462527
1042163
1336249
1408473
1121479
1117379
859657
1123252
1144888
1246445
553973
658086
1038859
935836
411470
1262915
97139
411474
1448139
211586
411902
398525
411462
1121440
1173029
506534
1403313
1235790
759914
319224
1279017
333138
1280946
936455
1280698
649747
1121035
107635
1331660
1117318
1268237
402881
1191460
334545
616991
1231190
1305836
1003200
742817
287
1323663
1358423
1287116
1123276
1519464
1408254
1121090
1123288
883126
1385935
1082932
306281
1380380
1280953
658655
1347369
1122165
484770
316056
1382305
1230342
1297863
290512
992406
1131814
1565129
221360
470
113355
1207058
492774
1148
525373
1123278
452659
1313421
33035
883126
1158607
506534
1348908
1304877
720555
690585
1235457
224911
944547
288000
1123059
640081
411490
326298
391603
202952
984892
944546
391896
1120985
1150621
367737
526222
485918
1217713
1226325
470
998088
1121935
1009370
421052
1396418
1173023
1028801
228405
334545
748247
929558
58123
985867
1449050
1235800
1121085
313606
1320556
1122217
1246448
1462526
86106
1280950
414684
1281779
267608
1297569
536232
358681
1122169
1366050
1196029
196490
1137268
1509405
1125973
756067
381666
118161
997346
1249627
1232666
1235457
66692
323850
279808
1249997
1232453
1226325
1198452
1235798
1382305
272951
1173024
935836
698737
1235802
857087
63737
398767
903814
106648
526218
333138
561175
1280
1144672
1246474
66692
1116369
1126627
272951
1040987
1096546
479432
211165
1217708
1235792
871585
1280
658187
925409
760117
216591
156889
1094715
1219035
224308
1437425
984892
768671
332101
91604
1034943
1340434
28229
1280949
1286093
176299
1040983
1028800
1235793
265072
765913
641107
1380384
338966
927677
318996
1280954
1038866
929713
1122214
1121121
103690
1173020
1460640
757424
574376
1246459
500632
336407
883
1235790
136993
1005395
1319815
1340434
626418
1380355
1196029
397290
665959
1278073
1159870
556261
1229172
484770
114615
1442598
244582
1071073
118166
292
1123288
661367
29581
1027273
1403819
537007
264462
1249627
243233
1110502
1094715
1196031
1298858
1367847
272563
1382305
765952
1423321
388051
1122132
551275
991
1247024
316057
526218
1265503
176280
1499968
743722
1236541
1535287
1217712
1294265
380703
1235800
563192
1502851
1227739
1120792
1356852
642492
1163671
443598
509635
595537
1196031
78245
1122216
1121459
315456
1449345
189753
525378
526218
1434929
1095769
935261
1541065
1230476
1048983
517417
616991
1197906
1297865
421531
113395
1246626
1120983
1565314
1442598
315750
644801
1336233
1196322
272563
1192868
306263
1123008
981327
1169144
698737
622312
1285586
398578
1121098
452659
1298867
1319815
1144310
397291
225849
311402
762983
316055
517418
1287276
402626
56110
331678
1229783
743719
1051006
246200
1038860
575589
1051501
1265503
1121912
977880
1178540
314254
297246
1212548
500632
981383
1532558
180332
1217703
397291
999541
537007
1123229
335659
272624
575586
981223
935837
585394
1220582
720555
1434325
1029823
1151292
411459
1245475
861208
1207063
1131730
1346330
688245
379731
1407650
192222
1236542
1410620
232348
1033734
1121448
179408
279010
573
1286106
382245
1437448
1122605
525244
324925
397290
176279
536019
1123252
1123248
272123
457412
1205910
1122613
1173025
1408428
40215
1038866
558169
1298920
1395571
266835
992406
1173026
1298598
1562701
436717
1216976
1336249
1123503
269798
562743
765911
1280952
1051501
1040986
935548
1048983
1008457
40373
1235802
754035
1134474
458817
1256908
1267211
1270196
232348
883078
709797
1380350
471875
1120936
1502852
984262
446468
1458275
342113
655815
1220582
1185876
1245469
1196028
111780
765914
1415778
102129
84531
93220
292414
1121929
1094558
1396141
714943
742765
1214065
1196029
665959
1235802
1232447
1410653
1392498
329726
1198452
94122
1122179
411461
1038862
