479432
167539
221360
1137268
561175
68570
479434
997830
446468
1484157
631362
1214101
386043
1064537
1176165
266940
1157634
1206737
861299
1532557
1288484
1105367
1501269
1453505
420890
102129
591158
1429851
1027371
1121289
1120959
1463857
1121377
1122939
449447
879305
1385935
335659
1171373
1499499
1202962
667015
314264
237727
1206726
284031
1907
63737
1462527
13689
1489678
537011
1210046
195250
883110
1288963
1408254
445970
1079986
1007103
369723
690850
1380393
1095738
1123507
644548
1111131
543632
105425
272621
1267534
98439
1137269
47839
1125971
232346
1449069
1291743
1122611
1408224
710696
688270
658187
446468
591167
179408
1280380
702459
1278308
1121422
411476
693977
1224163
1123319
1105031
1173264
218284
702459
1206741
65093
1096930
40571
1120919
710421
221288
1229781
234267
58123
379066
1121381
484022
585529
166318
1569209
1120797
1121378
665959
457425
1206725
316279
994479
1209984
1440053
1123304
67315
1127134
1538644
1123037
1158602
1500257
1056816
935548
1123023
1139996
1278073
1247024
858619
411459
426716
1133850
118166
718252
1123303
470
1155714
1233950
983544
1336235
1223523
234621
1298864
1508644
504472
215803
1410613
1150864
1462527
547163
1172188
592029
457425
1163408
1122138
1121920
749414
1907
350058
1237149
1157637
388467
103690
1158294
1089547
864702
1527444
1235794
1160718
1416759
66377
1123508
395961
1171373
66692
1125779
358681
43989
68570
1179773
1144307
313625
1341646
929713
1157943
1122182
925409
452662
1001240
1321773
1117943
1463900
306281
883169
652103
1499498
1075090
1484157
756067
246196
55952
1165094
1545915
1123251
1353276
1209984
935948
768671
1497679
1460640
288705
1462527
28258
1047013
1321372
666684
158500
1449976
408672
585530
1172185
1001530
1232449
164757
768066
864567
676032
1463900
573413
1267211
1485543
1423814
886882
1547445
710687
208444
436229
398720
1206730
73044
1444306
1151122
685035
269084
411684
313606
459495
163908
1183438
680198
350054
886293
563031
1206744
585423
1005999
1179226
1206720
1380386
1125971
525263
1114964
262316
1444309
1117379
1245469
1250232
1123322
1348663
315749
638302
1227739
1298860
698737
561175
1386969
269482
1405
1206726
1123065
1828
883080
221288
1121365
742818
1157635
888064
471881
166318
1121898
1286170
1449347
1131730
358681
1174684
485917
586413
525368
446470
471852
1517681
1463858
68219
1230342
402777
1410665
1121926
762968
1267535
384765
1469607
1033734
1419814
685035
1189612
1121272
1157640
1136417
1172179
1094508
1502851
1449976
983548
345341
1440053
862967
1090320
1380358
1449976
1056816
1122247
882083
1173026
1056816
316273
1540221
1122998
1120797
103733
272123
1112214
582515
1288079
1445613
1540221
1123240
1250278
1112212
65497
1184607
761193
479435
1304866
1246448
1463821
1123313
376619
246196
888832
767817
1074488
67332
36809
709986
164757
641107
1246995
1133850
1044
1120919
91464
1038858
66377
697303
1210046
710687
1445613
1229172
146891
1206725
640132
1499684
742817
438753
1127134
1095770
1029718
260799
246201
1120797
929556
446470
710685
4565
1500894
633147
313598
1212548
1497679
1499968
383381
1522072
1248760
1463820
349741
1172181
388467
1249627
1237500
469609
232348
457412
284031
657309
103733
1112212
696747
1158050
1120999
1165094
1077974
323097
649831
764298
1172179
293826
1284352
1416752
1957
1282665
59931
1415166
246197
1392488
1185876
1041504
1144319
1414720
1961
247156
316055
1052684
1235797
1041504
59925
1206733
1116472
1463887
60520
278963
858215
525257
1246474
1121875
1401064
37919
91464
316278
1280001
1305836
1121430
67373
862514
1348908
1122603
1120977
105425
471870
1246445
683837
1463881
1125712
1005995
1305732
68199
208444
888048
383407
645512
1297857
1205753
335283
32057
1246474
741091
411459
1134413
98439
266940
1343740
1089544
234621
446468
1089553
1321784
2002
1122981
1121334
1178482
190304
329726
1386969
1173020
1121017
208444
1122182
1285583
65393
1382359
1201292
1545915
1125973
68219
226185
1068980
926564
883113
1463861
929703
545243
272123
1296416
179408
1121100
366602
1460635
644283
1463926
1321778
1527444
313612
1128427
318424
198094
29581
1160137
321955
362242
68219
926569
1384057
1121272
28072
585524
1236902
1408424
1388763
1492738
1449049
221109
1123276
1423758
1157638
1230476
68170
1452536
65093
1123301
1155718
67332
32057
285535
1121946
1123278
536232
317936
1121385
1150398
614083
1463861
706191
1449076
684949
177416
347834
1385521
1305737
1123487
1110697
118163
378806
1206732
426716
857571
1408452
1167632
552531
1115515
1207076
1220583
1463900
1410653
1054213
67356
1331060
366394
1207055
446468
1463854
1464048
1172186
1506583
373994
1235796
1968
1341646
1469607
990285
240015
326423
485913
1434325
1298864
426716
1110697
756067
573
1079460
1074488
457429
391038
1144312
1353531
1348583
1122611
446470
257314
1267534
653045
698761
40571
1173026
272631
1476876
66874
171693
627192
1206730
56107
1370120
1215114
999141
1396
931627
1538644
1231057
1174528
1122604
35754
525264
1139996
688270
107635
32057
176090
756067
883113
1121875
574376
319795
1348663
1090319
492774
195253
575594
984892
1120917
1415166
68199
644283
1151122
313624
926560
1120950
1205910
498211
1179778
1174528
56110
926559
163908
1131730
698769
1449068
929562
504472
937777
313624
1173264
1469607
1206726
1054860
68570
1121101
1331060
743721
68194
313590
1384049
1206731
449447
471852
1449050
1408438
1223542
167546
319236
1178825
357808
325777
883112
1340434
443255
47763
1121356
1382230
1297534
1462526
1206739
1605
745310
1206744
1423144
1370125
1173023
1282361
1126627
1385935
1041504
525379
156978
1218075
1123318
1265310
1041138
313612
1217703
745718
1547445
1138822
1121287
476272
1410626
176090
349520
2002
926549
1500306
742767
661478
327277
684949
674977
1449346
28444
67356
999141
929712
1385520
570268
208439
1125971
384765
197221
1120797
566461
1356852
1151126
1121288
114615
68570
1229783
1150864
568816
436229
211165
340
1123276
393480
1944
176279
1464048
562970
1487953
1280001
394503
1078020
1472418
1410617
1170562
358823
1121939
4565
388919
1150599
82654
379731
926550
1508644
1179773
1122139
1206737
262724
1095737
1203567
395961
82654
387344
218495
40571
1123234
350054
47763
588581
1151061
398513
1231336
497964
981384
1121378
1463885
1484157
1122998
936140
548477
1123270
1380600
167539
1120979
74546
1121011
908337
983544
4565
227882
1068980
1379701
1298864
1550073
285514
113355
1125779
397945
1127134
685727
676032
1463887
1129374
866776
292563
469606
649349
1163671
700598
563037
1056816
237727
318424
78346
83332
1121946
1203566
118163
67352
563008
504832
1089453
408672
1321778
1218103
1233950
317655
1200352
555500
1437603
1123267
557599
1122609
706437
471855
882378
640132
1122947
1370125
1348583
1268303
743721
1155714
59926
345341
1346791
426355
1408452
1122214
258533
1196031
665956
375286
339670
1449353
37919
208444
1123519
604331
419947
1317122
1122179
28072
416870
1274524
1415166
497965
103733
1150599
1043205
93059
1508644
1000570
180281
882082
762966
1112214
649747
1336245
910313
1136417
1173024
82654
190486
330084
1122621
69395
1123277
744980
797209
573
1112209
1218352
1395513
1206739
1160718
28444
765913
1394178
517722
1293597
935840
1206729
1296416
1379701
710421
1121012
1392498
1346
1449355
1463855
1123315
562982
44454
1121271
637910
1267600
315750
46256
1463853
366394
1316408
926554
312309
358823
1190606
1236518
706437
663952
1183438
446465
1437610
1123277
760192
522373
1229276
1054213
904314
999541
1345695
1451189
258533
1268622
1217720
455632
1294265
1470591
1114965
1223544
1122179
1243664
492774
1223523
196164
1246995
1174528
326426
743974
313612
195253
655812
443255
1033733
1120966
243230
1463855
1192759
288705
216432
1122247
171693
350058
322159
1121957
1128421
864702
720554
446462
1173264
1120949
1237500
1463820
1206732
1223542
1286093
1302863
1120958
1121377
97137
1123269
573
391037
74547
1000570
491916
883113
1101188
479432
218495
76636
1173028
66373
1449342
118166
32049
1200352
882086
167555
479432
546271
1108045
1075090
73044
556269
1449048
1198452
478749
1205910
1081640
1346791
93220
553385
134676
1207076
467200
1206732
258052
216594
661087
166314
1206733
1123277
1278308
43759
592010
553973
1299327
1225184
997353
1449346
983920
644801
994479
1089453
1123309
1211035
1463853
479435
216594
411479
876044
33876
468059
1122239
1440774
1303692
1293597
866775
1341646
1214242
1041522
1123308
1095727
1120960
365659
98439
1463909
1996
153721
1133849
862970
743721
1174504
1294265
68570
40571
1380346
1449335
1246995
1230343
1423724
1239415
1206741
1127692
1291743
103690
1035191
661478
1121479
264199
446462
431943
1158601
315730
178901
1957
1403946
525260
243160
1500259
1157635
292459
459495
1194972
67275
1089544
553207
1283299
1429046
1154860
1298880
41431
1155718
543632
1122947
582515
1123269
1217658
1178540
862967
1027371
742740
1392488
867903
479434
1242864
164757
1206735
1496688
861299
1089551
316278
1246995
1347369
1208323
196367
551115
1120965
292459
1173025
4565
435590
1206739
1380394
1449065
479437
215803
1122602
1249997
1121115
1045004
873449
661367
797515
373994
926554
698964
1380387
1280692
1122182
1464048
1123303
1415754
1463909
1122611
1423758
479434
221109
698769
1463881
357276
388467
1504981
101510
208439
1111131
287986
891974
1246
688270
321332
537007
891974
553204
1121924
211114
399795
1285583
1192034
463191
1246445
232348
1206737
937777
1112204
873448
1148
105420
548479
858619
396014
1089545
258052
479435
1005705
543728
1522072
1385510
640132
1056816
246201
593105
298655
1120705
1123277
881621
376619
1133849
743722
1121013
487521
103733
1416752
1206101
1112216
1147
1380370
517722
362242
1306174
757424
996637
1123300
66869
1121952
765910
1173025
1386089
709986
337191
665956
1035839
1434929
616991
118168
1500893
883113
1054213
1207055
29306
446470
880070
1410608
649831
56110
543632
1353276
477641
585425
585529
710685
1463926
111781
95619
1500890
1461582
267747
1122971
1089546
260799
383372
1452536
562981
561175
1216362
63737
1118235
873447
74547
1169161
760192
1159488
762211
1236494
292
1121012
33876
1121479
1347392
1515613
1056816
1121364
1280706
1449048
1203605
706434
1122992
1449068
465541
100226
1302286
873448
1693
332101
235985
1123299
863365
1121382
906888
1336235
562981
1218352
1440774
1500897
269796
1123312
67356
383381
997884
1122164
198094
1463825
203123
1133850
640510
167555
985762
742741
644283
1116231
1304874
1394178
575564
1195246
546275
1385518
1160718
1279038
749927
292459
316274
1155714
1415166
1292034
904293
525373
445975
285514
1206732
1297865
28042
585198
1248232
1336234
1223543
378806
1089547
1347369
883110
1239415
313612
391600
1121481
1907
1400520
1173022
862751
292
547163
1121904
1278307
1329250
1077974
1121928
1122129
935836
1121946
1219035
1123258
1206737
765123
1200792
1203567
1385514
195253
926554
1121382
1042326
1484158
1123276
1114964
929712
1246474
693986
1173020
263358
1246626
749414
1111729
1247726
1410618
545243
862971
479432
1471522
1121912
1250006
574376
64471
1122149
764291
31964
1206737
1370120
58344
1123057
1337936
1041138
1449048
324831
1192124
1379270
1133569
748727
1121020
1239962
1284775
1356852
452863
1150864
749927
227882
1120968
1347342
1157632
1206729
649349
103733
180332
1410618
1121381
1007104
1341646
317655
219305
1449976
1123258
1122994
419947
1078020
383381
1210045
1298598
1316408
675817
547163
315730
573569
1173021
525365
1219049
756067
875328
862971
484018
1114959
272626
1206731
1223542
1216967
58344
679197
616991
553171
405948
1140002
713586
1463879
1265310
69042
1173027
1123311
1122226
1206743
1352941
675814
1408438
1121382
1476583
1122149
1346791
888049
1207055
547163
927677
764291
251229
937777
1174528
330084
118168
1549858
1237500
1304877
1206741
1038866
1123288
1123313
260799
1123302
1209984
1433126
99598
1288079
591159
1463856
246199
443152
1118054
1280689
1501230
1379701
1196028
1335760
322159
28072
1125779
700508
1508644
1381751
1029718
558173
411902
1464048
65393
927704
1499684
1033739
1121012
1198114
1209984
1050201
319236
1283283
533247
391038
1120934
685035
862970
1169144
1206101
13689
83332
395961
216816
1501391
1282664
1423321
1235279
1298598
1463857
2055
929556
754436
1157638
558169
742740
43354
1041147
1008457
247156
1121946
1118235
749927
1169161
13690
1248760
56780
317936
645127
1380394
1094508
526226
446462
1206725
588932
1123073
73044
698964
47716
1380391
67281
1206741
1161413
700598
1293054
483215
1121931
398720
555793
1229204
479433
1996
1400520
180332
1463917
99598
323098
1206743
1385935
1410620
1463845
1452535
1463903
272123
665950
258533
1158606
1122611
883113
291985
936580
1210045
911104
566466
658187
1403313
1121378
1117379
272562
710686
1206729
1479235
1246995
591158
66875
110662
1071400
1203590
1089544
1206741
1206730
929703
356851
1500304
394
113395
305900
1184609
1169154
1217708
484770
518766
105425
1120949
563038
656024
1150599
1445613
984892
700508
1210045
211165
653045
1267535
585199
1123302
1114964
521096
1121090
1118057
1206737
1229517
211114
1077144
1116232
1445613
1089455
353496
526225
568703
1122990
419947
1298864
479433
1121104
211114
195250
745776
1206744
1338011
1224163
67373
243230
1172186
1172181
67275
1121928
13690
641526
987059
1282876
1968
551789
1206731
68570
1206726
279238
321327
272568
188626
1173029
1463856
1510531
257314
264199
1123065
1035189
1219035
658088
402777
1133849
1121019
110662
1470591
1209984
13035
216591
1240349
1121479
926554
1150600
1284686
67332
211114
240292
760568
102125
1110697
1166018
1408419
1463917
1211114
1440053
161528
1068980
221288
146922
1131451
291985
1463821
1131813
1038858
1157632
935836
1449069
101510
446470
1121381
100226
710111
1321820
223926
1125971
1123320
1120950
1046627
1206729
1121481
313598
1408438
1231190
216596
509190
313606
443906
591157
1435356
13035
1234364
459495
1125971
1206730
1352941
631362
1303518
479433
29306
388413
1280
720554
69042
146922
1423815
1463921
266117
574375
1121377
1079986
585202
743722
194867
1248760
1041504
1122128
1121479
467200
512565
1123518
1463909
1121438
1094184
944562
1185876
699246
761193
1521187
1463858
1285583
1150864
1110697
1150398
1122621
414996
258533
1122939
46429
1123013
1370125
1348908
1407650
110663
1038867
67352
1288083
573
164757
1336234
1101192
1437608
1463901
1089455
1169144
1147
888833
1121272
655811
353496
883156
1034345
390333
1052684
219305
1385511
1056816
1219049
525268
1471459
1206741
1247649
411154
1115512
1068980
1121930
1274524
498761
1476876
1174684
1464048
1405
866774
1136177
1352941
1121272
1423758
1184609
1216932
67267
1335760
1173029
908337
762982
316274
1392488
232346
1449976
373994
1304878
42256
1196031
1292020
203124
1550073
1510531
690850
1223523
1343740
406817
1121380
356851
546414
875328
35754
203124
700508
994573
1169152
1150864
525318
469618
941449
240016
457429
221360
1170562
1096546
1441930
472175
1442599
946235
1237500
1173263
1157943
33876
1896
862908
568816
339670
1114964
1158614
582515
1144307
1114965
1219077
525309
545697
886377
1173024
3649
1054213
1125712
405948
1122221
745776
450380
218140
1157640
883168
284031
1089544
1192759
1118057
904306
696747
1408445
680198
545697
136273
324602
58344
1218074
644283
1294142
1041504
1090318
1121091
928724
1147
1288083
211114
440512
443218
1500301
1122182
1009370
525260
362242
548476
710686
883168
1463861
996306
525378
713605
1169161
1185876
1123298
1232429
443906
110663
1313421
875328
591158
1123359
675635
1068978
1160137
390989
446470
1122612
484770
1282360
714961
66875
1212548
592029
1198676
1239415
1140003
546273
269482
561177
312284
1121912
105422
1174528
1298880
1121090
44454
55952
324831
645465
1121271
535289
1108045
1175629
1347086
1089455
319795
306281
1508644
316279
391612
1500281
329726
555217
365046
326427
32057
1968
391037
314225
713586
40041
1334046
1380390
1408254
1240350
1121011
1122182
1245475
1380386
1196031
452652
504472
292459
1174504
679197
1336243
572544
1444309
471854
1380370
1206720
653045
1155714
1041142
398513
566461
1114964
1306990
56110
68170
1123237
1487953
1392491
395019
100226
1133850
318464
1038862
1206733
1033738
118161
1289387
100226
1288484
391587
4641
748247
457429
1121430
696747
591001
1173020
218284
1123277
2002
1193181
1396
591167
321955
649639
1352941
1206729
203119
1133849
525368
525919
1403946
240302
1341646
1499689
263358
479434
591001
879309
1432050
349123
1123270
398527
337191
457396
1123054
1410618
1238184
1158609
457412
1173027
1463825
1121017
482234
265729
533240
1121127
1122182
591167
714943
1121927
452662
517722
929562
1101188
665577
1203190
298655
1408452
1029718
1156844
1157490
574966
40571
1173022
143224
315730
1056816
1133849
1449347
504728
330084
47716
710111
1298598
684949
931627
1158612
1122997
1234409
1068978
463191
477228
983917
882082
358681
520709
1229172
318424
626418
1090320
1285586
1144305
1123023
66897
627192
700598
1243664
1429046
1282876
926566
1121362
1038860
1680
349520
1123307
1123057
1479239
262316
1121366
1200792
909613
1220583
1123309
1220583
548476
1307436
1392502
1134445
1236902
1545915
1194972
662755
314315
411464
1250232
1118055
1173027
511
1472716
369723
465541
571
1089552
1215915
1996
1463901
47716
1214242
1033736
1449343
1173022
1068980
1172180
1296415
1463887
1157637
288705
1122132
1500897
1463909
932677
1088721
272942
645465
1463861
1173026
1382305
1206735
1232427
1122917
1297617
1206730
1122169
44060
761193
1169152
208439
66429
1370125
1173025
756067
1095726
864073
1041522
1121033
1122997
1123308
1508644
246195
1033802
1386089
888821
1121403
398525
981383
1120948
219305
1230342
1522072
1463821
1423743
32049
1216976
1502850
180281
349966
1110697
1160137
1385519
1476876
568816
1041142
500153
1075090
287986
658655
1081640
1203611
1121871
1479239
1211813
1050201
1116232
1169143
665577
1223545
1538644
477641
1391647
292564
1550091
179408
69395
28042
1235796
287986
1423755
1443665
1321778
350054
926569
251221
279010
1423734
1122223
13690
570268
573
1216967
33876
1385518
284031
452652
543734
1157638
378806
699246
396014
388467
945021
679197
1057002
391037
1033733
1033738
161528
1464048
1454202
1894
380358
1123312
1338011
68194
1206729
210007
551115
1122226
227882
1288484
504474
59919
931627
1121363
574376
216432
111781
1101188
369723
1157638
795955
350058
388467
1120934
586413
755178
211110
467200
1123053
1248917
1392501
1463857
253839
525367
698737
489825
1319815
313612
342451
179408
211114
1009370
1298864
699248
1423755
1379701
556268
1121335
171101
29306
1111454
1451189
1171373
1550073
1463920
1122983
1437600
863239
891391
1463921
1384484
547042
1537715
679190
1463855
1041146
1265310
1292020
390989
1123321
68223
405566
748671
1125971
1229205
497965
1268303
177416
86416
167548
1116375
83332
1206101
1045004
655813
864069
278963
314265
981369
710421
1150864
1136417
4565
281090
637911
1071073
743718
745277
179408
1194972
1214242
504472
1154757
1381751
32057
1550091
43354
1158608
1334046
1348338
391587
1121377
1305735
665959
639030
1479239
91464
1437608
639030
670487
66875
1449351
742726
221359
1303692
994479
35754
4565
279808
33905
1248916
63737
1306990
1121926
134676
204669
1054860
246196
316274
1206729
1968
1118057
313603
1169154
500153
32057
1038859
1123312
68170
1123315
864570
1033739
314345
629773
1246448
84531
1463895
1120797
76636
1205683
1302286
936589
391612
450851
1450525
300852
1156844
1089547
1906
1410668
1078020
1232427
290402
479431
518637
203124
1068978
926566
765912
98439
946235
1268240
67315
889201
926556
73044
32057
1448389
1035184
40571
350688
1112204
68260
459495
764299
591157
32051
1354722
1385511
1158610
911045
1227739
272559
278197
925409
883110
764299
1288079
1133849
1292373
1173023
910313
1121930
1463926
1112214
113355
1206741
743719
2002
1122138
392499
1304866
1206735
1122981
2055
1455608
561180
1896
680198
745776
1155718
102125
240292
936154
1463845
1122217
1003195
469604
66874
56110
1121272
1122176
1121926
13689
1449976
1203632
1089549
426716
4565
485918
1054860
362242
4565
700508
1211114
1285586
313625
1184609
1294142
1121946
1220551
1158601
760568
1463934
547163
649831
1123239
68194
568816
1463901
1445613
318424
1200792
701521
1499968
888816
188626
232721
575540
348824
287986
756067
626939
1314
1121370
562983
1114922
1216932
1121272
1380386
1280689
1033737
313589
1169143
1449049
194867
1120968
1278308
401053
1000570
682795
1370121
1179226
263358
251221
1172179
557599
1487956
1346330
1423767
885272
1463901
1298864
1122602
1408452
1172179
1114959
525318
883112
1231185
861299
1316408
883110
1385935
930169
1896
1121890
306281
44454
66869
272560
710687
1332071
1219045
198094
626887
31964
221288
643867
936455
313606
929556
1449069
1077144
1449976
28115
4565
1151061
1218084
470145
1077285
1027371
411483
446462
247156
317013
1122605
1198676
710685
1121380
525256
644966
1121007
314292
1235792
1121381
1440774
1206101
1206739
349521
93059
47839
1211777
1408438
863239
194867
317936
1121363
1410619
68170
1341151
1235457
1229276
1463864
176280
595537
172045
1410619
1122619
1445613
1401065
1508644
649638
1449336
351348
269482
1332071
1370121
1541065
101510
1463881
1423754
311403
1291050
1192124
1304275
1238184
1121365
1394178
1237500
1385521
1123013
1123315
102232
398767
1122621
3988
313624
742766
1460634
391619
643473
547163
880071
1121914
350054
37919
167542
1380600
1464048
1173020
1381751
1389489
1122605
218284
574375
93060
936136
1394178
929703
446462
204669
369723
558152
1392838
208439
1040989
1449337
861299
504474
1370121
685035
1054460
1155718
1179773
1335760
1408303
1166018
36809
216594
264198
1329516
1415754
291112
105422
1033730
1487921
102129
1219375
926556
862969
1157943
1156844
1158601
1121927
1265845
118166
1382356
236814
675635
1206744
1157943
1346791
1120949
1238184
1158601
67281
1123504
883168
390989
1157640
1175306
1005704
67356
1535287
314266
379731
1537715
558169
232346
66874
1170562
1029718
1463934
749927
653045
1246459
592010
208596
306537
596151
1540221
467705
365046
936154
710421
925775
463191
1502850
1448389
1192124
530564
761193
984262
1111729
443218
1424334
43354
208439
35754
435842
591159
1090318
211165
888808
1120746
1005048
501479
1125971
208444
1197130
1196324
211110
288000
888816
1463903
1245475
46234
585506
46429
1226322
1029718
1122994
485913
1894
985665
1160137
1220589
1449347
1158610
1121022
210007
1121946
684949
663952
1068980
1173020
315730
1123313
1120985
1136417
1121895
189753
34740
545693
288705
67257
682795
1157637
1133849
436229
1449335
470
1161401
56110
345341
1232666
794846
1479237
1029718
1136417
1122222
1121106
246196
1203632
208444
1463856
1173021
1173023
1469607
179408
449447
1160718
177439
742727
1288079
1033740
436229
1123321
1435356
307480
1089551
1121011
1499502
485918
1306990
1229783
369723
1308866
314266
1003195
1169144
593105
926562
358220
1169154
391937
1122994
1206739
216591
1445613
479436
1008453
1112214
1122970
1423748
981369
391165
1343740
1384065
1196031
158500
926566
479432
979556
500153
318424
1206731
886882
1118153
47763
326424
526227
935948
359
1403946
468059
629773
1144275
1302863
1158602
266264
1203076
616991
1346
1463820
285535
1281779
208439
1121946
208444
1463887
37659
545697
1449343
146922
944562
468059
1155718
1123319
985665
36809
1382305
167550
90371
926564
1079986
1148
928724
1502851
1463903
1150599
1306406
548477
1007105
1121098
373994
1449976
591158
1122611
1033739
269800
1094715
761193
1306990
1352941
762984
1173023
84588
146922
1370121
221359
1041504
105422
1111135
1184609
1370121
1041522
748224
172045
1341646
33898
629773
1170318
1120936
1123511
102232
1214101
1265310
696747
710686
1123489
1044
1089547
1150398
1449068
1246
33876
498848
28042
287986
1044
172088
953739
1206725
536227
66874
1403313
631454
1144319
1206733
43354
1160137
1128427
349965
525904
1038869
68194
1265503
1154757
1123307
1122138
315749
406124
1173024
426117
42256
1341646
1463864
1123267
665959
1415775
251229
592029
585203
1033740
287986
1127131
13690
1168067
1122612
1121360
330084
1121124
32057
2074
585
985665
1463936
904294
493475
321955
373994
1026882
1173023
1101191
1068980
1238184
1298867
1123248
211114
1133569
1218108
314345
1444306
1440053
318996
862514
1304874
1121028
1174684
1223545
1463820
367299
596328
1121366
35754
710421
749927
1476876
467200
334390
1341646
941824
1033991
1123023
67275
1121871
1416759
1501268
1123314
1223542
1160707
1423790
1996
679189
1415755
1944
1120746
500153
709986
858619
202752
1403313
457412
1150399
243230
46234
1052684
546270
1487956
546271
111781
1301098
1896
762211
867845
318424
1144342
644801
1440053
408672
1125971
641526
1479623
1476583
479432
640132
1120960
1112204
953739
545693
1122149
166314
469609
1173264
1267003
644548
1218084
1501269
1392498
1549858
313590
649831
862751
1160718
517722
1203566
1206720
226186
574375
981223
257310
102129
1166130
1160718
1348583
596330
1111121
889201
329726
33898
1184609
1150600
2325
163908
1157634
573569
489825
1050201
1480694
367299
1285586
1112216
491205
251229
877415
927666
178901
262316
1163389
1086011
1386089
67257
749927
1545702
1078020
421531
1040982
1121952
1157635
373153
1206725
446468
1297865
266779
198094
1122176
742743
935557
1033732
797299
307480
1123009
1392489
1385520
1151122
1121098
1415775
1249997
1121927
292459
452662
904306
1179773
764291
1121115
68194
685727
1173022
395492
1041504
1423780
1370120
457405
1231377
1133849
1476583
395965
1289387
397945
401053
478749
1206744
1187851
1116232
1122970
1121289
1121870
521096
858215
4565
446469
557599
580331
33898
1172180
641524
1444310
1112204
1151122
1463854
158189
1408254
1144342
35754
32057
572265
1449976
1403819
42256
204773
1214184
1334046
1300143
1145276
1158607
398512
1120950
1828
1437609
1263831
883169
642492
1121445
1003200
1254432
1123519
509190
888746
485917
1273125
1150399
570268
1232427
67257
1280380
32051
356851
1158607
264203
326425
4565
1288963
1121933
1401078
221288
1206743
861530
543734
1299327
1121912
1499683
1463854
1122929
1283299
546270
1464048
469617
994479
317619
796620
1463926
105422
1550091
313590
247156
176299
1173024
1188256
476272
1029718
1306174
1003195
1298864
1429046
573
1342299
211114
1133849
543632
1423724
113355
749927
1174504
1173028
1552758
220668
1202532
536233
345341
484770
1122997
1123511
292563
1370121
266834
1001240
218284
278197
68170
401526
525373
59931
1524467
1379270
873447
1331060
1405
445961
1121115
1123013
460265
234267
1123239
1331060
1347087
1382305
153721
1423747
1288083
1127134
1496688
1499968
684949
100226
1157638
485918
118173
761193
47839
936136
1380386
1122939
1121007
1035308
1414719
742741
1120936
1266845
693977
1206735
56110
1121866
111780
1166018
358823
40571
1314
1155714
935567
1035187
365046
1178825
1123037
696747
935840
996637
494419
644283
1688
314266
452863
67315
237727
1194972
398578
1218086
1123304
306281
556269
1449058
1242864
1463841
1223543
1282362
333138
1121012
103690
1078085
1499684
888833
1170562
1305737
449673
457396
1122179
1463917
1157708
765420
33035
911045
298654
47839
1274374
324831
1123278
391295
1123052
314231
388413
1179773
693977
763034
279238
1203076
67267
358681
179408
565655
1415166
1404245
1337936
1121875
1030157
1396418
533240
1123321
1046629
864051
547163
1206733
319236
1121378
414996
1341151
1298860
882082
118173
395963
1123284
306537
1500301
1249997
1463879
927677
1037409
66269
211165
99598
1033837
1128111
999411
1288079
888821
1232437
926560
1192759
1449353
272134
997346
1079986
1033738
443255
1166018
118161
314266
547163
1416752
1452536
927704
1123270
345341
1246448
1129374
243924
469618
487521
1006000
1046627
292459
1343740
1029718
356851
1123023
443906
585531
1306174
1000588
610130
405948
585204
1219076
744979
224911
983548
1123288
1270193
1206720
390989
397945
1463857
645465
585529
1397284
699248
908338
749414
1171373
366649
1134445
768726
1122997
1462526
1178537
861455
1169152
366602
1449976
1089546
1046629
316056
67275
1173028
1120960
1382359
701521
557436
258052
525268
1121859
556268
633149
764298
1449353
68170
1245475
1122247
1173024
644282
459495
454957
478801
1394178
1207055
641524
906888
1214242
1348663
1123366
1206729
1196028
1121871
765123
1121468
1192759
904293
1211114
929562
1048983
195103
1140
711393
1128421
1463854
1122216
56107
1206737
258594
485913
640512
1463857
1435356
649747
1470591
746697
1248917
118166
314345
1463825
861208
1396
546414
1205910
246196
1278078
224308
405948
1169154
512565
278197
1407650
1163409
1051006
203123
710696
575606
1223544
1122247
1358423
1463853
1206726
350058
1298864
435830
1479623
936154
697329
710687
1414719
266834
1343740
1349822
1051632
46234
644548
1476583
888808
1236514
1434325
1250006
1248232
393305
1268303
866771
1298920
1323361
1133850
1246445
632245
1122931
714961
1472716
525309
1089550
1121946
1209984
317619
1038867
1120949
446462
555088
1040989
1123298
342113
591158
32057
1179773
35703
234267
67373
1440053
711393
1449076
886882
1122247
67352
67267
391596
626887
610130
68570
1463820
1449068
1380386
1121871
1045009
585423
63737
1173025
2055
1235788
1288
1144307
1463881
59921
1206744
350054
888048
1121929
1196322
908337
1173027
1121012
292564
272134
526227
710685
1416759
1041504
557599
1123322
411901
1173263
1121019
877415
908339
269084
1144310
446470
1405
1121272
1340493
285514
948106
1408254
435842
60520
426716
313596
313624
240292
1460634
1220589
203124
314225
84588
1121946
1172188
531844
1033738
1234679
1077974
1156935
1298920
929713
1007104
74545
1156844
1123311
862515
518766
1462527
66373
1077974
1307436
1214166
1123314
1347368
390989
755731
1123306
1348908
263358
1287488
446462
314225
46429
1121123
1229172
1123301
1043205
240302
1122963
1535422
146922
1343740
1449351
1514668
402777
688245
983548
1415774
1408287
1077972
1191299
1161413
1405
1123489
525264
1121011
32057
1173021
1392498
1196324
1079986
170187
388919
227882
28444
1206731
98439
512565
391587
471857
911045
1123278
391008
941449
1121946
1123073
592010
585425
1002809
1165094
1250232
1082932
90813
391037
575605
306537
58344
720555
1248917
1121272
999425
211114
479432
93057
356851
1120934
1236902
1069533
42565
1299327
699218
573065
1122176
511
873449
1273125
1132836
1402135
315730
258533
68170
450851
1370125
1206743
585543
883112
1206733
99598
931276
1173020
944435
880074
28444
1121011
1121946
263358
553204
525904
306281
234621
1123300
1210884
319003
1206101
1090319
649831
1305735
4565
702113
197221
679197
479434
1120948
1185876
1122970
264732
65393
1206733
1463936
1163671
709986
66869
873447
118005
1121085
883156
1410620
509191
1118153
1008453
1348663
260799
1122165
1122947
1120936
1151119
1116232
350058
1035184
667632
1112216
105420
1150399
1484158
525263
1206732
762968
1041139
33876
479432
1121370
1154860
1169152
1347342
406818
595593
208439
1214242
1132836
103733
1262449
582515
345341
1410653
1121286
1499683
219305
1869
1123251
533247
411459
867900
484022
220668
391037
136273
580327
1499684
315730
37919
1499684
1179773
754252
983920
1123037
1318628
1444310
909613
864073
526226
525368
506534
1123023
1346330
1205680
1408254
35754
67315
1200792
1499680
1449076
1274374
1489678
1123318
1414719
755178
309801
717785
1463936
1035308
1340493
1233951
1435356
1232437
643473
1267534
1121094
390989
405948
1125971
395019
402777
1122223
1192034
1121017
1122152
1385513
1147
443152
880070
272623
1463901
1206726
1089547
366394
1177594
580327
41431
1404245
637911
756067
1172186
1869
759913
1140002
925409
1068978
1121927
562743
1283299
1250278
1163407
1541065
1121912
888064
1307436
1089544
1452535
1522072
661087
889204
1214217
1054860
696747
1299327
1423816
1214101
1460640
1545701
443255
111780
43759
1209984
101510
180332
467705
1140
1121372
1172180
32057
1122182
1155718
68194
1219045
316275
1206743
1122176
1050202
1449048
1569209
749414
1123248
1173027
1828
67373
755178
356851
1004149
1120705
525378
1172181
749927
639030
999419
134676
391613
658187
329726
1172186
1499502
1229781
1123060
1123229
1380386
1123320
1114856
443598
1128421
358823
216594
1452536
1540257
43989
64471
1144307
1217648
1219045
266748
759913
78344
1451261
511437
1131730
761193
1120950
156978
66897
1123320
405948
1423807
1194165
4565
1075090
1464048
649754
1121129
1209984
1423780
56107
483215
1267533
1508644
482234
1280706
1195236
1499498
558173
1206735
1173023
2002
935837
908337
1235788
742722
886293
521003
1206720
478801
68170
67352
525318
1048983
1463854
340099
1894
525254
1035189
558169
653045
999425
1121940
1288963
1267003
1463845
258533
1127134
1131814
1304875
1137268
1287475
558173
371042
1123405
1265310
317619
219305
487521
500632
411460
1196028
